! NF, Nfp ; Fourier resolution; field periodicity; 
22 1
! xc(0:NF) ;
  0.000000000000000E+00  1.108307168257135E+00  8.941177102457546E-18  6.593934780960897E-02  2.012102284471570E-17  3.139218046476377E-03  7.918574650578011E-18  1.493649295979521E-04  1.502572911573692E-18  7.105137360963992E-06  1.571911807575515E-18  3.396942526107099E-07 -8.321976201723871E-20  1.415223567420360E-08 -7.729045786059001E-21  1.790603656719582E-09  2.298975125534128E-19 -9.756454309304107E-09  1.245772366704952E-18 -2.348187365546024E-08  2.623008565012110E-18  6.311266774618239E-09  4.152437776203382E-18
! xs(0:NF) ;
  0.000000000000000E+00  1.128732033255997E-16 -2.376731649876818E-17  4.879276200471826E-17 -1.613947285704522E-17  5.332488678711510E-18  1.411985690032894E-18 -3.377295035363014E-18 -6.698763175003592E-18  2.327912316349786E-18  3.713717521753877E-18 -1.715744999645668E-18  1.090051224252452E-19  3.950233346755123E-19 -7.856258107900677E-19 -2.522855959851055E-20  4.219370599031563E-18 -1.822521751167544E-18 -2.019827870734429E-18  2.384665696112740E-18 -1.652064610093543E-18  9.138235918152168E-19 -7.771423978989096E-18
! yc(0:NF) ;
  0.000000000000000E+00  8.719462536352663E-17 -5.174276869832262E-17 -2.579719426689978E-17  1.066255046541213E-17 -1.244185582005862E-17 -1.120653793063821E-17  6.328193098227167E-18  3.615933563627676E-18 -5.433810241787033E-18  5.150221908005983E-18  5.128297226897413E-18 -6.056675378060122E-18 -5.428053829234406E-18  7.522848725255950E-18  2.952070629330944E-18 -2.751383327556424E-18  3.195425332806079E-18 -2.800330976400233E-18  1.876595758587452E-18 -9.498068883449986E-19 -3.142553453484757E-18 -5.875791260247572E-18
! ys(0:NF) ;
  0.000000000000000E+00  7.324955844447503E-01 -6.237405616590337E-17  4.792415519681714E-02 -7.222501458133494E-18  2.282042403528171E-03  1.252420995279241E-18  1.085839206489201E-04 -2.044642057178443E-18  5.161886628195682E-06 -2.000511918925662E-18  2.503390827112002E-07 -1.998967151694992E-18  6.626528907979401E-09 -1.922429852454774E-18  7.637260916866042E-09 -4.255639124400118E-18 -2.624991007211694E-09 -1.637015702589219E-18  3.079693047160349E-08 -1.922013935978647E-18 -4.459610110846305E-09 -1.524908163865866E-18
! zc(0:NF) ;
  0.000000000000000E+00  9.830740191074508E-17 -1.384582935536535E-16  3.905374230772799E-17 -1.214942047449451E-17 -4.411100030862766E-18  1.460176675884733E-17  1.682583552987306E-17 -7.158488124799058E-18 -9.771532627149514E-18  6.104196300020157E-18  2.927527838231077E-18 -5.214080853508293E-18  1.073684018885617E-18  1.639895973665508E-18 -6.487725721183916E-18  1.659736575600577E-18  5.924752052064414E-18 -3.241039323870336E-18 -3.762593192623730E-18  1.999858697639138E-18 -4.223337794447547E-20  5.781093170251305E-19
! zs(0:NF) ;
  0.000000000000000E+00  1.914067251946491E-17  2.081790234341688E-01  4.521118920096598E-17  9.882708663929868E-03  1.602928288996220E-17  4.702183798852167E-04  4.435529220559232E-18  2.236866656424559E-05  5.170899832203234E-18  1.068512088774979E-06  3.510993648569599E-18  4.620112791530330E-08  7.616218289777632E-18  7.991734766787141E-09  6.176771564479349E-18 -4.466003632738069E-09  2.607877761829995E-18  1.852738236005172E-08  9.682588793993487E-19  3.357219596592501E-09 -4.693927284684569E-19 -1.271768648037256E-07
! lambda, rx, ry, rz, rw : Lagrange multipliers; 
 -3.010336523999103E+00  3.719217716155340E-16  1.053123553224439E-16  3.462723787616652E-16 -2.835920068259177E-16
! mu(0:NF,0) ; cosine ; Lagrange multipliers; 
 -2.205668903798228E+01 -2.092057056948010E-15 -2.872434426007443E+00  2.161862370108042E-15 -8.422915269417205E+00  8.876149713768854E-16  4.213646821310470E+00 -5.007770145863931E-15 -2.639554645929006E+00  2.277203139585062E-14  1.608114946458582E+00  1.695743573792674E-14 -9.823538685939303E-01  7.947690249414648E-14  5.996666000413892E-01  1.047824229783914E-13 -3.655862803304635E-01  7.065132776928113E-14  2.219111704339929E-01 -5.821808734082419E-14 -1.345507582545111E-01  1.651810648574955E-13  6.455340966172728E-02
! mu(0:NF,1) ;   sine ; Lagrange multipliers; 
  0.000000000000000E+00  2.419411978937681E-15 -8.685383144292974E-16 -1.203895308935896E-14 -8.708439300237537E-15  3.749260310539023E-14 -1.882333398591546E-14 -1.024185929603846E-13  3.747970290886218E-14  1.450301422499494E-13 -5.638656918309328E-14 -7.756863323901543E-14  1.063766522457284E-13 -1.264373210218004E-13 -1.294020947465009E-13  4.941554122386174E-13 -7.958469733149319E-14 -6.965035488031334E-13  3.145589933169424E-13  6.448756889315703E-13 -1.424744973826454E-13 -6.723609704114456E-13 -7.370232346870843E-14
! emnz
1.0  0.1  0.0  0.0
